autoencoder:
  ae_encoding_dim: 8
  ae_epochs: 100
  ae_lr: 0.001
  ae_threshold_quantile: 0.95
  model_path: best_autoencoder_model.pth

lstm:
  BATCH_SIZE: 32
  EPOCHS: 200
  HIDDEN_SIZE: 3
  LR: 0.01
  POT_THRESHOLD: 1.2672669219970703
  THRESHOLD_HIGH: 0.0013107570121064782
  THRESHOLD_LOW: 6.76728243182879e-06

spa:
  GLOBAL_THRESHOLD: 0.7610469726675606
  GLOBAL_original_THRESHOLD: 0.6342058105563005
  NORMAL_THRESHOLD: 0.45325938441694197
  ORIGINAL_NORMAL_THRESHOLD: -0.5480686249751155
  ORIGINAL_THRESHOLD: 4.249814872491792
  max_depth: 6
  min_samples_split: 2
  n_trees: 25
  subsample_size: 128
svm:
  gamma: auto
  kernel: rbf
  nu: 0.6
